CI,date,PD0,PD1,PD2,PD3,PD4,PD5,PD6,PD7,PD8,PD9,PD10,PD11,PD12,PD13,PD14,PD15,PD16,PD17,PD18,PD19,PD20,PD21,PD22,PD23,PD24,PD25,PD26,PD27,PD28,PD29,PD30,PD31,PD32,PD33,PD34,PD35,PD36,PD37,PD38,PD39,PD40,PD41,TOTAL_COUNT
8031,2018-05-08,1900,4200,800,0,200,100,200,200,200,200,34,32,34,32,34,34,0,0,0,0,0,0,0,0,0,0,0,0,0,0,0,0,0,0,0,0,0,0,0,0,0,0,8200
8032,2018-05-08,3400,400,600,100,0,0,0,0,0,0,0,0,0,0,0,0,0,0,0,0,0,0,0,0,0,0,0,0,0,0,0,0,0,0,0,0,0,0,0,0,0,0,4500
8033,2018-05-08,0,100,300,300,800,1800,400,400,400,400,17,16,17,16,17,17,80,80,80,80,80,160,160,80,0,0,0,0,0,0,0,0,0,0,0,0,0,0,0,0,0,0,5800
8041,2018-05-08,5400,5300,700,100,0,0,0,0,0,0,0,0,0,0,0,0,0,0,0,0,0,0,0,0,0,0,0,0,0,0,0,0,0,0,0,0,0,0,0,0,0,0,11500
8042,2018-05-08,4700,1500,100,0,0,0,0,0,0,0,0,0,0,0,0,0,0,0,0,0,0,0,0,0,0,0,0,0,0,0,0,0,0,0,0,0,0,0,0,0,0,0,6300
8043,2018-05-08,3500,1500,0,0,0,0,0,0,0,0,0,0,0,0,0,0,0,0,0,0,0,0,0,0,0,0,0,0,0,0,0,0,0,0,0,0,0,0,0,0,0,0,5000
8051,2018-05-08,3400,2400,500,100,0,0,0,0,0,0,0,0,0,0,0,0,0,0,0,0,0,0,0,0,0,0,0,0,0,0,0,0,0,0,0,0,0,0,0,0,0,0,6400
8052,2018-05-08,4100,900,200,0,0,0,0,0,0,0,0,0,0,0,0,0,0,0,0,0,0,0,0,0,0,0,0,0,0,0,0,0,0,0,0,0,0,0,0,0,0,0,5200
8053,2018-05-08,7100,2700,0,0,0,0,0,0,0,0,0,0,0,0,0,0,0,0,0,0,0,0,0,0,0,0,0,0,0,0,0,0,0,0,0,0,0,0,0,0,0,0,9800
8201,2018-05-08,300,0,0,100,200,0,0,0,0,0,0,0,0,0,0,0,0,0,0,0,0,0,0,0,0,0,0,0,0,0,0,0,0,0,0,0,0,0,0,0,0,0,600
8311,2018-05-08,2400,3300,600,500,100,0,0,0,0,0,0,0,0,0,0,0,0,0,0,0,0,0,0,0,0,0,0,0,0,0,0,0,0,0,0,0,0,0,0,0,0,0,6900
8312,2018-05-08,3100,1900,1000,1200,100,0,0,0,0,0,17,16,17,16,17,17,0,0,0,0,0,0,0,0,0,0,0,0,0,0,0,0,0,0,0,0,0,0,0,0,0,0,7400
8313,2018-05-08,2100,1300,0,100,200,0,0,0,0,0,0,0,0,0,0,0,0,0,0,0,0,0,0,0,0,0,0,0,0,0,0,0,0,0,0,0,0,0,0,0,0,0,3700
8321,2018-05-08,0,300,0,100,0,0,0,0,0,0,85,80,85,80,85,85,0,0,0,0,0,0,0,0,0,0,0,0,0,0,0,0,0,0,0,0,0,0,0,0,0,0,900
8322,2018-05-08,0,0,800,600,600,0,50,50,50,50,357,336,357,336,357,357,150,150,150,150,150,300,300,360,420,420,630,450,90,120,120,120,120,0,0,0,0,0,0,0,0,0,8500
8323,2018-05-08,0,400,500,1500,3000,2700,3375,3375,3375,3375,374,352,374,352,374,374,20,20,20,20,20,40,40,40,40,40,60,55,45,60,60,60,62,14,14,12,14,12,14,14,14,90,24700
8430,2018-05-08,3300,0,0,100,500,0,0,0,0,0,0,0,0,0,0,0,0,0,0,0,0,0,0,0,0,0,0,0,0,0,0,0,0,0,0,0,0,0,0,0,0,0,3900
8607,2018-05-08,0,200,300,500,1000,2300,525,525,525,525,612,576,612,576,612,612,770,770,770,770,770,1540,1540,840,140,140,210,230,270,360,360,360,365,35,35,30,35,30,35,35,35,225,20700
8608,2018-05-08,0,0,0,400,1400,900,175,175,175,175,510,480,510,480,510,510,1360,1360,1360,1360,1360,2720,2720,2020,1320,1320,1980,1375,165,220,220,220,220,0,0,0,0,0,0,0,0,0,27700
8609,2018-05-08,0,0,600,1300,4500,4100,5375,5375,5375,5375,748,704,748,704,748,748,360,360,360,360,360,720,720,650,580,580,870,650,210,280,280,280,289,63,63,54,63,54,63,63,63,405,45200
12271,2018-05-08,100,1000,1500,1500,5400,600,75,75,75,75,0,0,0,0,0,0,0,0,0,0,0,0,0,30,60,60,90,60,0,0,0,0,0,0,0,0,0,0,0,0,0,0,10700
12272,2018-05-08,200,1100,400,900,200,700,275,275,275,275,17,16,17,16,17,17,0,0,0,0,0,0,0,0,0,0,0,0,0,0,0,0,0,0,0,0,0,0,0,0,0,0,4700
12273,2018-05-08,100,100,1100,2200,600,1200,0,0,0,0,238,224,238,224,238,238,10,10,10,10,10,20,20,10,0,0,0,5,15,20,20,20,20,0,0,0,0,0,0,0,0,0,6900
18281,2018-05-08,0,100,100,700,5500,7300,1400,1400,1400,1400,119,112,119,112,119,119,0,0,0,0,0,0,0,0,0,0,0,5,15,20,20,20,20,0,0,0,0,0,0,0,0,0,20100
18282,2018-05-08,0,6100,6800,2400,600,200,500,500,500,500,153,144,153,144,153,153,40,40,40,40,40,80,80,40,0,0,0,5,15,20,20,20,20,0,0,0,0,0,0,0,0,0,19500
18283,2018-05-08,100,700,200,0,0,400,450,450,450,450,0,0,0,0,0,0,80,80,80,80,80,160,160,80,0,0,0,10,30,40,40,40,40,0,0,0,0,0,0,0,0,0,4200
18301,2018-05-08,200,200,2200,1400,600,400,75,75,75,75,0,0,0,0,0,0,0,0,0,0,0,0,0,0,0,0,0,0,0,0,0,0,0,0,0,0,0,0,0,0,0,0,5300
18302,2018-05-08,200,800,1700,2000,1300,900,850,850,850,850,0,0,0,0,0,0,0,0,0,0,0,0,0,0,0,0,0,0,0,0,0,0,0,0,0,0,0,0,0,0,0,0,10300
18303,2018-05-08,0,200,2200,4700,3100,1300,450,450,450,450,136,128,136,128,136,136,190,190,190,190,190,380,380,300,220,220,330,255,105,140,140,140,141,7,7,6,7,6,7,7,7,45,17900
18311,2018-05-08,500,100,400,0,200,0,0,0,0,0,34,32,34,32,34,34,10,10,10,10,10,20,20,10,0,0,0,0,0,0,0,0,3,21,21,18,21,18,21,21,21,135,1800
18312,2018-05-08,1200,3700,2600,6000,2200,800,275,275,275,275,51,48,51,48,51,51,20,20,20,20,20,40,40,20,0,0,0,0,0,0,0,0,0,0,0,0,0,0,0,0,0,0,18100
18313,2018-05-08,700,3800,500,100,0,0,0,0,0,0,0,0,0,0,0,0,0,0,0,0,0,0,0,0,0,0,0,0,0,0,0,0,0,0,0,0,0,0,0,0,0,0,5100
18342,2018-05-08,0,100,400,6500,500,300,75,75,75,75,34,32,34,32,34,34,220,220,220,220,220,440,440,240,40,40,60,50,30,40,40,40,40,0,0,0,0,0,0,0,0,0,10900
18343,2018-05-08,0,100,0,0,100,0,100,100,100,100,17,16,17,16,17,17,0,0,0,0,0,0,0,0,0,0,0,0,0,0,0,0,3,21,21,18,21,18,21,21,21,135,1000
18584,2018-05-08,0,0,0,0,0,0,225,225,225,225,1360,1280,1360,1280,1360,1360,930,930,930,930,930,1860,1860,1020,180,180,270,345,495,660,660,660,660,0,0,0,0,0,0,0,0,0,22400
18585,2018-05-08,0,0,0,0,0,0,0,0,0,0,0,0,0,0,0,0,20,20,20,20,20,40,40,30,20,20,30,20,0,0,0,0,0,0,0,0,0,0,0,0,0,0,300
18586,2018-05-08,0,0,0,0,0,0,0,0,0,0,136,128,136,128,136,136,70,70,70,70,70,140,140,70,0,0,0,20,60,80,80,80,105,175,175,150,175,150,175,175,175,1125,4400
23905,2018-05-08,900,7300,10100,9100,200,0,0,0,0,0,0,0,0,0,0,0,0,0,0,0,0,0,0,0,0,0,0,0,0,0,0,0,0,0,0,0,0,0,0,0,0,0,27600
23906,2018-05-08,1400,6000,5100,2800,500,100,175,175,175,175,204,192,204,192,204,204,20,20,20,20,20,40,40,20,0,0,0,0,0,0,0,0,0,0,0,0,0,0,0,0,0,0,18000
28331,2018-05-08,2000,4900,1000,300,0,0,0,0,0,0,0,0,0,0,0,0,0,0,0,0,0,0,0,0,0,0,0,0,0,0,0,0,0,0,0,0,0,0,0,0,0,0,8200
28341,2018-05-08,400,3200,700,0,100,0,0,0,0,0,17,16,17,16,17,17,0,0,0,0,0,0,0,0,0,0,0,0,0,0,0,0,0,0,0,0,0,0,0,0,0,0,4500
28342,2018-05-08,300,1000,2100,800,0,0,0,0,0,0,17,16,17,16,17,17,0,0,0,0,0,0,0,0,0,0,0,0,0,0,0,0,0,0,0,0,0,0,0,0,0,0,4300
28343,2018-05-08,4000,4200,1200,300,0,0,0,0,0,0,0,0,0,0,0,0,0,0,0,0,0,0,0,0,0,0,0,0,0,0,0,0,0,0,0,0,0,0,0,0,0,0,9700
28371,2018-05-08,4300,2200,200,200,0,0,0,0,0,0,0,0,0,0,0,0,0,0,0,0,0,0,0,0,0,0,0,0,0,0,0,0,0,0,0,0,0,0,0,0,0,0,6900
28372,2018-05-08,1400,6600,1300,1400,2600,5500,300,300,300,300,68,64,68,64,68,68,0,0,0,0,0,0,0,0,0,0,0,0,0,0,0,0,0,0,0,0,0,0,0,0,0,0,20400
28373,2018-05-08,1900,4600,800,0,0,100,250,250,250,250,51,48,51,48,51,51,0,0,0,0,0,0,0,0,0,0,0,0,0,0,0,0,0,0,0,0,0,0,0,0,0,0,8700
28681,2018-05-08,200,200,400,2500,13000,2400,250,250,250,250,17,16,17,16,17,17,90,90,90,90,90,180,180,90,0,0,0,5,15,20,20,20,20,0,0,0,0,0,0,0,0,0,20800
28682,2018-05-08,100,700,100,500,1400,2400,1350,1350,1350,1350,204,192,204,192,204,204,0,0,0,0,0,0,0,0,0,0,0,0,0,0,0,0,0,0,0,0,0,0,0,0,0,0,11800
28683,2018-05-08,100,300,1300,1600,800,900,0,0,0,0,153,144,153,144,153,153,0,0,0,0,0,0,0,0,0,0,0,0,0,0,0,0,0,0,0,0,0,0,0,0,0,0,5900
28788,2018-05-08,0,0,400,100,4400,9300,3775,3775,3775,3775,119,112,119,112,119,119,0,0,0,0,0,0,0,0,0,0,0,0,0,0,0,0,0,0,0,0,0,0,0,0,0,0,30000
28789,2018-05-08,0,0,400,3500,1100,900,2925,2925,2925,2925,119,112,119,112,119,119,20,20,20,20,20,40,40,20,0,0,0,0,0,0,0,0,0,0,0,0,0,0,0,0,0,0,18500
28860,2018-05-08,0,0,300,0,300,100,300,300,300,300,0,0,0,0,0,0,0,0,0,0,0,0,0,0,0,0,0,0,0,0,0,0,0,0,0,0,0,0,0,0,0,0,1900
28861,2018-05-08,0,1100,900,2800,1200,800,1450,1450,1450,1450,51,48,51,48,51,51,0,0,0,0,0,0,0,0,0,0,0,0,0,0,0,0,0,0,0,0,0,0,0,0,0,0,12900
28862,2018-05-08,0,400,100,900,100,0,375,375,375,375,0,0,0,0,0,0,0,0,0,0,0,0,0,0,0,0,0,0,0,0,0,0,0,0,0,0,0,0,0,0,0,0,3000
28863,2018-05-08,0,200,700,800,2000,1900,925,925,925,925,0,0,0,0,0,0,10,10,10,10,10,20,20,90,160,160,240,180,60,80,80,80,80,0,0,0,0,0,0,0,0,0,10600
28864,2018-05-08,1300,500,0,1800,400,300,925,925,925,925,306,288,306,288,306,306,60,60,60,60,60,120,120,60,0,0,0,0,0,0,0,0,0,0,0,0,0,0,0,0,0,0,10400
28865,2018-05-08,100,300,4200,2500,1800,2900,775,775,775,775,17,16,17,16,17,17,0,0,0,0,0,0,0,0,0,0,0,0,0,0,0,0,0,0,0,0,0,0,0,0,0,0,15000
28866,2018-05-08,300,4000,8600,3000,500,0,50,50,50,50,0,0,0,0,0,0,10,10,10,10,10,20,20,10,0,0,0,0,0,0,0,0,0,0,0,0,0,0,0,0,0,0,16700
28867,2018-05-08,0,0,0,0,100,100,75,75,75,75,0,0,0,0,0,0,560,560,560,560,560,1120,1120,590,60,60,90,70,30,40,40,40,43,21,21,18,21,18,21,21,21,135,6900
28868,2018-05-08,0,0,0,400,100,100,50,50,50,50,102,96,102,96,102,102,650,650,650,650,650,1300,1300,750,200,200,300,200,0,0,0,0,0,0,0,0,0,0,0,0,0,0,8900
28869,2018-05-08,0,100,0,0,200,100,25,25,25,25,0,0,0,0,0,0,30,30,30,30,30,60,60,30,0,0,0,0,0,0,0,0,0,0,0,0,0,0,0,0,0,0,800
28985,2018-05-08,100,200,200,1200,1800,700,325,325,325,325,374,352,374,352,374,374,170,170,170,170,170,340,340,180,20,20,30,50,90,120,120,120,123,21,21,18,21,18,21,21,21,135,10400
28986,2018-05-08,0,6700,19700,14200,7300,2600,925,925,925,925,85,80,85,80,85,85,30,30,30,30,30,60,60,40,20,20,30,20,0,0,0,0,0,0,0,0,0,0,0,0,0,0,55100
28987,2018-05-08,200,400,1000,1600,3600,600,1225,1225,1225,1225,765,720,765,720,765,765,800,800,800,800,800,1600,1600,1130,660,660,990,870,630,840,840,840,846,42,42,36,42,36,42,42,42,270,32900
28988,2018-05-08,300,1800,3800,5700,9300,400,225,225,225,225,0,0,0,0,0,0,10,10,10,10,10,20,20,10,0,0,0,0,0,0,0,0,0,0,0,0,0,0,0,0,0,0,22300
28989,2018-05-08,0,0,500,5200,8600,12200,2925,2925,2925,2925,68,64,68,64,68,68,0,0,0,0,0,0,0,0,0,0,0,0,0,0,0,0,0,0,0,0,0,0,0,0,0,0,38600
38660,2018-05-08,200,1100,3000,4700,900,1100,225,225,225,225,255,240,255,240,255,255,0,0,0,0,0,0,0,0,0,0,0,0,0,0,0,0,0,0,0,0,0,0,0,0,0,0,13400
43381,2018-05-08,200,1500,200,0,0,200,0,0,0,0,0,0,0,0,0,0,0,0,0,0,0,0,0,0,0,0,0,0,0,0,0,0,0,0,0,0,0,0,0,0,0,0,2100
43382,2018-05-08,1000,2000,200,100,0,0,0,0,0,0,0,0,0,0,0,0,0,0,0,0,0,0,0,0,0,0,0,0,0,0,0,0,0,0,0,0,0,0,0,0,0,0,3300
43383,2018-05-08,300,4000,4200,500,1600,200,125,125,125,125,0,0,0,0,0,0,0,0,0,0,0,0,0,0,0,0,0,0,0,0,0,0,0,0,0,0,0,0,0,0,0,0,11300
46001,2018-05-08,300,1000,1800,1600,1400,1800,275,275,275,275,0,0,0,0,0,0,0,0,0,0,0,0,0,0,0,0,0,0,0,0,0,0,0,0,0,0,0,0,0,0,0,0,9000
46201,2018-05-08,500,900,3300,5800,13100,2300,350,350,350,350,34,32,34,32,34,34,10,10,10,10,10,20,20,10,0,0,0,0,0,0,0,0,0,0,0,0,0,0,0,0,0,0,27600
46202,2018-05-08,0,2000,2200,4600,3800,3400,125,125,125,125,34,32,34,32,34,34,0,0,0,0,0,0,0,0,0,0,0,0,0,0,0,0,0,0,0,0,0,0,0,0,0,0,16700
46203,2018-05-08,600,3200,3900,1900,2300,1200,50,50,50,50,17,16,17,16,17,17,0,0,0,0,0,0,0,0,0,0,0,0,0,0,0,0,0,0,0,0,0,0,0,0,0,0,13400
48519,2018-05-08,1200,1300,700,200,1100,900,50,50,50,50,0,0,0,0,0,0,0,0,0,0,0,0,0,0,0,0,0,0,0,0,0,0,0,0,0,0,0,0,0,0,0,0,5600
48540,2018-05-08,1400,1700,1600,0,0,0,0,0,0,0,0,0,0,0,0,0,0,0,0,0,0,0,0,0,0,0,0,0,0,0,0,0,0,0,0,0,0,0,0,0,0,0,4700
51443,2018-05-08,900,1900,100,0,0,0,25,25,25,25,0,0,0,0,0,0,0,0,0,0,0,0,0,0,0,0,0,0,0,0,0,0,0,0,0,0,0,0,0,0,0,0,3000
51444,2018-05-08,2300,100,0,500,200,0,25,25,25,25,0,0,0,0,0,0,0,0,0,0,0,0,0,0,0,0,0,0,0,0,0,0,0,0,0,0,0,0,0,0,0,0,3200
51445,2018-05-08,0,800,300,0,2700,1500,175,175,175,175,34,32,34,32,34,34,0,0,0,0,0,0,0,20,40,40,60,40,0,0,0,0,0,0,0,0,0,0,0,0,0,0,6400
